# stores each type of shape for each block
# - vertex, normal, texture, wind influence
# - occluded sides (sides that can be occluded for each side
# s for shape names, p for shape properties, c for command
s cube:
p vertices:
0.0 1.0 0.0  0.0  0.0 -1.0 0.25 0.6667 0.0
1.0 1.0 0.0  0.0  0.0 -1.0 0.5  0.6667 0.0
1.0 0.0 0.0  0.0  0.0 -1.0 0.5  1.0    0.0
0.0 0.0 0.0  0.0  0.0 -1.0 0.25 1.0    0.0

0.0 1.0 1.0  0.0  0.0  1.0 0.25 0.0    0.0
1.0 1.0 1.0  0.0  0.0  1.0 0.5  0.0    0.0
1.0 0.0 1.0  0.0  0.0  1.0 0.5  0.3333 0.0
0.0 0.0 1.0  0.0  0.0  1.0 0.25 0.3333 0.0

0.0 1.0 1.0 -1.0  0.0  0.0 0.0  0.3333 0.0
0.0 0.0 1.0 -1.0  0.0  0.0 0.25 0.3333 0.0
0.0 0.0 0.0 -1.0  0.0  0.0 0.25 0.6667 0.0
0.0 1.0 0.0 -1.0  0.0  0.0 0.0  0.6667 0.0

1.0 1.0 1.0  1.0  0.0  0.0 0.75 0.3333 0.0
1.0 0.0 1.0  1.0  0.0  0.0 0.5  0.3333 0.0
1.0 0.0 0.0  1.0  0.0  0.0 0.5  0.6667 0.0
1.0 1.0 0.0  1.0  0.0  0.0 0.75 0.6667 0.0

0.0 0.0 1.0  0.0 -1.0  0.0 0.25 0.3333 0.0
1.0 0.0 1.0  0.0 -1.0  0.0 0.5  0.3333 0.0
1.0 0.0 0.0  0.0 -1.0  0.0 0.5  0.6667 0.0
0.0 0.0 0.0  0.0 -1.0  0.0 0.25 0.6667 0.0

0.0 1.0 1.0  0.0  1.0  0.0 1.0  0.3333 0.0
1.0 1.0 1.0  0.0  1.0  0.0 0.75 0.3333 0.0
1.0 1.0 0.0  0.0  1.0  0.0 0.75 0.6667 0.0
0.0 1.0 0.0  0.0  1.0  0.0 1.0  0.6667 0.0

p faces:
d: y
0 1 2
2 3 0
u: y
4 6 5
6 4 7
l: y
8 9 10
10 11 8
r: y
12 13 14
14 15 12
f: y
16 17 18
18 19 16
b: y
20 21 22
22 23 20

s billboard:
p vertices
0.0 0.5 0.0  0.0 -1.0  0.0 0.0 0.0 0.0
1.0 0.5 0.0  0.0 -1.0  0.0 1.0 0.0 0.0
1.0 0.5 1.0  0.0 -1.0  0.0 1.0 1.0 0.5
0.0 0.5 1.0  0.0 -1.0  0.0 0.0 1.0 0.5

0.0 0.5 0.0  0.0  1.0  0.0 0.0 0.0 0.0
1.0 0.5 0.0  0.0  1.0  0.0 1.0 0.0 0.0
1.0 0.5 1.0  0.0  1.0  0.0 1.0 1.0 0.5
0.0 0.5 1.0  0.0  1.0  0.0 0.0 1.0 0.5

0.5 1.0 0.0 -1.0  0.0  0.0 0.0 0.0 0.0
0.5 0.0 0.0 -1.0  0.0  0.0 1.0 0.0 0.0
0.5 0.0 1.0 -1.0  0.0  0.0 1.0 1.0 0.5
0.5 1.0 1.0 -1.0  0.0  0.0 0.0 1.0 0.5

0.5 1.0 0.0  1.0  0.0  0.0 0.0 0.0 0.0
0.5 0.0 0.0  1.0  0.0  0.0 1.0 0.0 0.0
0.5 0.0 1.0  1.0  0.0  0.0 1.0 1.0 0.5
0.5 1.0 1.0  1.0  0.0  0.0 0.0 1.0 0.5

p faces
0 1 2
2 3 0
4 6 5
6 4 7
8 9 10
10 11 8
12 14 13
14 12 15

c end